<?xml version="1.0" encoding="utf-8"?>
<COLLADA xmlns="http://www.collada.org/2005/11/COLLADASchema" version="1.4.1">
  <asset>
    <contributor>
      <author>Mixamo</author>
      <authoring_tool>COLLADA Mixamo exporter</authoring_tool>
      <comments/>
    </contributor>
    <created>2024-02-14T11:14:59Z</created>
    <modified>2024-02-14T11:14:59Z</modified>
    <revision/>
    <title/>
    <unit meter="0.010000"/>
    <up_axis>Y_UP</up_axis>
  </asset>
  <library_animations>
    <animation id="mixamorig_Hips-anim" name="mixamorig_Hips">
      <source id="mixamorig_Hips-Matrix-animation-input">
        <float_array id="mixamorig_Hips-Matrix-animation-input-array" count="62">

0.000000 0.033333 0.066667 0.100000 0.133333 0.166667 0.200000 0.233333 0.266667 0.300000 0.333333 0.366667 0.400000 0.433333 0.466667 0.500000
0.533333 0.566667 0.600000 0.633333 0.666667 0.700000 0.733333 0.766667 0.800000 0.833333 0.866667 0.900000 0.933333 0.966667 1.000000 1.033333
1.066667 1.100000 1.133333 1.166667 1.200000 1.233333 1.266667 1.300000 1.333333 1.366667 1.400000 1.433333 1.466667 1.500000 1.533333 1.566667
1.600000 1.633333 1.666667 1.700000 1.733333 1.766667 1.800000 1.833333 1.866667 1.900000 1.933333 1.966667 2.000000 2.033333</float_array>
        <technique_common>
          <accessor source="#mixamorig_Hips-Matrix-animation-input-array" count="62">
            <param name="TIME" type="float"/>
          </accessor>
        </technique_common>
      </source>
      <source id="mixamorig_Hips-Matrix-animation-output-transform">
        <float_array id="mixamorig_Hips-Matrix-animation-output-transform-array" count="992">

0.380403 0.082383 0.921144 -0.000722 -0.044339 0.996504 -0.070812 2.505885 -0.923757 -0.013906 0.382726 -0.001546 0.000000 0.000000 0.000000 1.000000
0.442478 0.070794 0.893981 0.015094 -0.036543 0.997475 -0.060903 2.593357 -0.896035 -0.005720 0.443947 -0.017174 0.000000 0.000000 0.000000 1.000000
0.534002 0.062392 0.843178 0.037155 -0.021011 0.997945 -0.060537 2.712746 -0.845222 0.014610 0.534216 -0.027497 0.000000 0.000000 0.000000 1.000000
0.637173 0.045507 0.769376 0.053279 0.007026 0.997871 -0.064841 2.830279 -0.770689 0.046721 0.635496 -0.040010 0.000000 0.000000 0.000000 1.000000
0.726172 0.045442 0.686010 0.063352 -0.004971 0.998134 -0.060855 2.968045 -0.687495 0.040781 0.725043 -0.071407 0.000000 0.000000 0.000000 1.000000
0.791593 0.034987 0.610046 0.065117 -0.015957 0.999203 -0.036600 3.081991 -0.610840 0.019238 0.791521 -0.098711 0.000000 0.000000 0.000000 1.000000
0.850255 0.013092 0.526209 0.064872 -0.009511 0.999910 -0.009509 3.156594 -0.526286 0.003080 0.850302 -0.122330 0.000000 0.000000 0.000000 1.000000
0.900855 0.000355 0.434120 0.073046 0.001953 0.999986 -0.004870 3.203128 -0.434116 0.005235 0.900842 -0.141504 0.000000 0.000000 0.000000 1.000000
0.936490 -0.000464 0.350694 0.087039 0.005704 0.999887 -0.013907 3.206521 -0.350648 0.015024 0.936387 -0.150618 0.000000 0.000000 0.000000 1.000000
0.961714 0.006526 0.273976 0.102005 -0.000924 0.999788 -0.020572 3.161912 -0.274052 0.019531 0.961517 -0.156965 0.000000 0.000000 0.000000 1.000000
0.982216 0.008343 0.187570 0.114532 -0.003168 0.999607 -0.027871 3.075492 -0.187728 0.026781 0.981856 -0.164517 0.000000 0.000000 0.000000 1.000000
0.996662 0.001873 0.081612 0.122636 0.001498 0.999148 -0.041233 2.950776 -0.081619 0.041218 0.995811 -0.171837 0.000000 0.000000 0.000000 1.000000
0.999396 0.000815 -0.034743 0.135628 -0.002574 0.998715 -0.050621 2.815126 0.034657 0.050680 0.998113 -0.177346 0.000000 0.000000 0.000000 1.000000
0.989234 -0.006635 -0.146193 0.147399 -0.002051 0.998245 -0.059186 2.692398 0.146330 0.058849 0.987484 -0.194411 0.000000 0.000000 0.000000 1.000000
0.969480 -0.018336 -0.244483 0.153246 -0.003109 0.996200 -0.087043 2.577316 0.245150 0.085146 0.965739 -0.231742 0.000000 0.000000 0.000000 1.000000
0.946248 -0.029145 -0.322126 0.160852 -0.006625 0.993976 -0.109394 2.510862 0.323374 0.105648 0.940355 -0.257404 0.000000 0.000000 0.000000 1.000000
0.924943 -0.031427 -0.378804 0.169267 -0.007358 0.994909 -0.100508 2.520843 0.380034 0.095752 0.920003 -0.254307 0.000000 0.000000 0.000000 1.000000
0.897528 -0.030118 -0.439928 0.184812 -0.006552 0.996644 -0.081597 2.598417 0.440909 0.076118 0.894318 -0.233562 0.000000 0.000000 0.000000 1.000000
0.845045 -0.037705 -0.533363 0.205357 0.001640 0.997689 -0.067931 2.704636 0.534692 0.056530 0.843154 -0.210962 0.000000 0.000000 0.000000 1.000000
0.765399 -0.045221 -0.641965 0.217140 0.009213 0.998196 -0.059330 2.808681 0.643490 0.039497 0.764435 -0.197175 0.000000 0.000000 0.000000 1.000000
0.683656 -0.042350 -0.728575 0.226981 0.003915 0.998513 -0.054368 2.914542 0.729794 0.034317 0.682805 -0.192049 0.000000 0.000000 0.000000 1.000000
0.619383 -0.036981 -0.784217 0.243440 -0.003727 0.998740 -0.050040 3.004634 0.785080 0.033917 0.618465 -0.193122 0.000000 0.000000 0.000000 1.000000
0.563438 -0.032464 -0.825520 0.262195 -0.002083 0.999169 -0.040714 3.054399 0.826156 0.024660 0.562902 -0.196585 0.000000 0.000000 0.000000 1.000000
0.503803 -0.028742 -0.863341 0.279513 0.000668 0.999459 -0.032883 3.071412 0.863819 0.015990 0.503549 -0.195952 0.000000 0.000000 0.000000 1.000000
0.447413 -0.032214 -0.893747 0.288946 0.000110 0.999353 -0.035966 3.055686 0.894327 0.015993 0.447128 -0.188038 0.000000 0.000000 0.000000 1.000000
0.397910 -0.049272 -0.916100 0.293155 0.000998 0.998579 -0.053275 3.002593 0.917424 0.020285 0.397394 -0.175428 0.000000 0.000000 0.000000 1.000000
0.345882 -0.074387 -0.935324 0.296217 0.005789 0.997003 -0.077151 2.906711 0.938260 0.021270 0.345276 -0.164162 0.000000 0.000000 0.000000 1.000000
0.281475 -0.094022 -0.954951 0.295678 0.014577 0.995492 -0.093717 2.766755 0.959458 0.012458 0.281576 -0.158946 0.000000 0.000000 0.000000 1.000000
0.203371 -0.101596 -0.973817 0.298439 0.025311 0.994815 -0.098501 2.613052 0.978775 -0.004616 0.204888 -0.153414 0.000000 0.000000 0.000000 1.000000
0.127463 -0.106430 -0.986117 0.313783 0.029347 0.994195 -0.103509 2.477645 0.991409 -0.015746 0.129847 -0.148958 0.000000 0.000000 0.000000 1.000000
0.090965 -0.106273 -0.990167 0.325599 0.021487 0.994268 -0.104739 2.385819 0.995622 -0.011748 0.092727 -0.148577 0.000000 0.000000 0.000000 1.000000
0.123829 -0.084611 -0.988690 0.311160 0.015138 0.996403 -0.083375 2.382894 0.992188 -0.004643 0.124665 -0.144703 0.000000 0.000000 0.000000 1.000000
0.210796 -0.062268 -0.975545 0.283943 0.014471 0.998059 -0.060578 2.462518 0.977423 -0.001347 0.211288 -0.138827 0.000000 0.000000 0.000000 1.000000
0.323052 -0.050800 -0.945017 0.263719 0.014656 0.998707 -0.048676 2.585534 0.946268 0.001874 0.323379 -0.140416 0.000000 0.000000 0.000000 1.000000
0.437372 -0.043390 -0.898233 0.250509 0.017680 0.999057 -0.039651 2.724607 0.899107 0.001461 0.437727 -0.145694 0.000000 0.000000 0.000000 1.000000
0.526490 -0.034482 -0.849482 0.242075 0.010581 0.999366 -0.034008 2.866590 0.850115 0.008916 0.526521 -0.142804 0.000000 0.000000 0.000000 1.000000
0.584019 -0.035141 -0.810979 0.242578 0.009984 0.999298 -0.036111 2.982288 0.811679 0.012993 0.583959 -0.150448 0.000000 0.000000 0.000000 1.000000
0.635624 -0.046828 -0.770577 0.247494 0.024706 0.998881 -0.040322 3.051097 0.771603 0.006592 0.636070 -0.174861 0.000000 0.000000 0.000000 1.000000
0.694448 -0.051384 -0.717705 0.247150 0.031259 0.998660 -0.041253 3.073999 0.718863 0.006214 0.695124 -0.198971 0.000000 0.000000 0.000000 1.000000
0.747801 -0.053066 -0.661799 0.234267 0.034645 0.998561 -0.040923 3.064922 0.663019 0.007674 0.748563 -0.216404 0.000000 0.000000 0.000000 1.000000
0.788002 -0.061475 -0.612596 0.209867 0.043782 0.998079 -0.043841 3.023076 0.614114 0.007727 0.789180 -0.230055 0.000000 0.000000 0.000000 1.000000
0.827203 -0.069884 -0.557540 0.181543 0.050170 0.997459 -0.050589 2.937239 0.559659 0.013875 0.828607 -0.242928 0.000000 0.000000 0.000000 1.000000
0.872351 -0.063719 -0.484709 0.159818 0.042467 0.997599 -0.054714 2.808380 0.487032 0.027145 0.872962 -0.253650 0.000000 0.000000 0.000000 1.000000
0.917144 -0.044621 -0.396050 0.144836 0.026752 0.998364 -0.050531 2.673069 0.397656 0.035749 0.916838 -0.263475 0.000000 0.000000 0.000000 1.000000
0.952053 -0.023112 -0.305058 0.132861 0.006599 0.998462 -0.055051 2.556618 0.305861 0.050399 0.950741 -0.276832 0.000000 0.000000 0.000000 1.000000
0.968993 -0.006948 -0.246992 0.126546 -0.013844 0.996508 -0.082347 2.455637 0.246702 0.083213 0.965512 -0.294425 0.000000 0.000000 0.000000 1.000000
0.974264 -0.004336 -0.225369 0.122828 -0.018216 0.995030 -0.097892 2.416156 0.224673 0.099478 0.969343 -0.297328 0.000000 0.000000 0.000000 1.000000
0.984087 0.004396 -0.177636 0.115992 -0.019953 0.996105 -0.085888 2.459982 0.176566 0.088066 0.980341 -0.273684 0.000000 0.000000 0.000000 1.000000
0.997637 0.026687 -0.063313 0.107108 -0.030909 0.997296 -0.066675 2.560873 0.061363 0.068474 0.995764 -0.235855 0.000000 0.000000 0.000000 1.000000
0.995896 0.039154 0.081598 0.096892 -0.034109 0.997473 -0.062328 2.681546 -0.083832 0.059289 0.994715 -0.202097 0.000000 0.000000 0.000000 1.000000
0.973103 0.040986 0.226694 0.099318 -0.025900 0.997271 -0.069129 2.806254 -0.228909 0.061398 0.971510 -0.178890 0.000000 0.000000 0.000000 1.000000
0.933369 0.051344 0.355227 0.110757 -0.029023 0.997271 -0.067886 2.926629 -0.357743 0.053053 0.932312 -0.167890 0.000000 0.000000 0.000000 1.000000
0.887599 0.044131 0.458499 0.100812 -0.018000 0.997963 -0.061209 3.025937 -0.460266 0.046076 0.886585 -0.163646 0.000000 0.000000 0.000000 1.000000
0.836999 0.032622 0.546231 0.079774 -0.003671 0.998534 -0.054008 3.081397 -0.547192 0.043199 0.835892 -0.156836 0.000000 0.000000 0.000000 1.000000
0.779264 0.023631 0.626250 0.065343 0.010708 0.998641 -0.051007 3.097876 -0.626604 0.046454 0.777952 -0.140415 0.000000 0.000000 0.000000 1.000000
0.719981 0.019074 0.693731 0.057869 0.024535 0.998298 -0.052912 3.081824 -0.693560 0.055117 0.718287 -0.113386 0.000000 0.000000 0.000000 1.000000
0.660621 0.025490 0.750287 0.052165 0.032711 0.997497 -0.062691 3.029553 -0.750007 0.065957 0.658133 -0.084517 0.000000 0.000000 0.000000 1.000000
0.595732 0.039693 0.802202 0.045273 0.038873 0.996183 -0.078159 2.932633 -0.802242 0.077746 0.591915 -0.060872 0.000000 0.000000 0.000000 1.000000
0.525619 0.055189 0.848928 0.038497 0.023548 0.996567 -0.079367 2.806807 -0.850394 0.061708 0.522516 -0.046868 0.000000 0.000000 0.000000 1.000000
0.447695 0.057499 0.892336 0.029165 -0.006027 0.998102 -0.061290 2.684134 -0.894166 0.022061 0.447191 -0.031814 0.000000 0.000000 0.000000 1.000000
0.386139 0.066049 0.920073 0.015058 -0.034611 0.997768 -0.057101 2.578305 -0.921791 -0.009795 0.387563 -0.009960 0.000000 0.000000 0.000000 1.000000
0.380403 0.082383 0.921144 -0.000722 -0.044339 0.996504 -0.070812 2.505885 -0.923757 -0.013906 0.382726 -0.001546 0.000000 0.000000 0.000000 1.000000</float_array>
        <technique_common>
          <accessor source="#mixamorig_Hips-Matrix-animation-output-transform-array" count="62" stride="16">
            <param type="float4x4"/>
          </accessor>
        </technique_common>
      </source>
      <source id="mixamorig_Hips-Interpolations">
        <Name_array id="mixamorig_Hips-Interpolations-array" count="62">
 LINEAR LINEAR LINEAR LINEAR LINEAR LINEAR LINEAR LINEAR LINEAR LINEAR LINEAR
LINEAR LINEAR LINEAR LINEAR LINEAR LINEAR LINEAR LINEAR LINEAR LINEAR LINEAR LINEAR
LINEAR LINEAR LINEAR LINEAR LINEAR LINEAR LINEAR LINEAR LINEAR LINEAR LINEAR LINEAR
LINEAR LINEAR LINEAR LINEAR LINEAR LINEAR LINEAR LINEAR LINEAR LINEAR LINEAR LINEAR
LINEAR LINEAR LINEAR LINEAR LINEAR LINEAR LINEAR LINEAR LINEAR LINEAR LINEAR LINEAR
LINEAR LINEAR LINEAR</Name_array>
        <technique_common>
          <accessor source="#mixamorig_Hips-Interpolations-array" count="62">
            <param type="name"/>
          </accessor>
        </technique_common>
      </source>
      <sampler id="mixamorig_Hips-Matrix-animation-transform">
        <input semantic="INPUT" source="#mixamorig_Hips-Matrix-animation-input"/>
        <input semantic="OUTPUT" source="#mixamorig_Hips-Matrix-animation-output-transform"/>
        <input semantic="INTERPOLATION" source="#mixamorig_Hips-Interpolations"/>
      </sampler>
      <channel source="#mixamorig_Hips-Matrix-animation-transform" target="mixamorig_Hips/matrix"/>
    </animation>
    <animation id="mixamorig_Spine-anim" name="mixamorig_Spine">
      <source id="mixamorig_Spine-Matrix-animation-input">
        <float_array id="mixamorig_Spine-Matrix-animation-input-array" count="62">

0.000000 0.033333 0.066667 0.100000 0.133333 0.166667 0.200000 0.233333 0.266667 0.300000 0.333333 0.366667 0.400000 0.433333 0.466667 0.500000
0.533333 0.566667 0.600000 0.633333 0.666667 0.700000 0.733333 0.766667 0.800000 0.833333 0.866667 0.900000 0.933333 0.966667 1.000000 1.033333
1.066667 1.100000 1.133333 1.166667 1.200000 1.233333 1.266667 1.300000 1.333333 1.366667 1.400000 1.433333 1.466667 1.500000 1.533333 1.566667
1.600000 1.633333 1.666667 1.700000 1.733333 1.766667 1.800000 1.833333 1.866667 1.900000 1.933333 1.966667 2.000000 2.033333</float_array>
        <technique_common>
          <accessor source="#mixamorig_Spine-Matrix-animation-input-array" count="62">
            <param name="TIME" type="float"/>
          </accessor>
        </technique_common>
      </source>
      <source id="mixamorig_Spine-Matrix-animation-output-transform">
        <float_array id="mixamorig_Spine-Matrix-animation-output-transform-array" count="992">

0.999473 -0.008850 -0.031224 0.000000 0.008827 0.999961 -0.000890 0.279600 0.031231 0.000614 0.999512 -0.008900 0.000000 0.000000 0.000000 1.000000
0.999163 -0.000998 -0.040902 0.000000 0.000963 0.999999 -0.000873 0.279600 0.040903 0.000833 0.999163 -0.008900 0.000000 0.000000 0.000000 1.000000
0.998606 0.020427 -0.048680 0.000000 -0.019680 0.999682 0.015768 0.279600 0.048986 -0.014788 0.998690 -0.008900 0.000000 0.000000 0.000000 1.000000
0.997473 0.049270 -0.051192 0.000000 -0.047702 0.998367 0.031416 0.279600 0.052656 -0.028894 0.998195 -0.008900 0.000000 0.000000 0.000000 1.000000
0.999009 0.018395 -0.040524 0.000000 -0.017522 0.999609 0.021795 0.279600 0.040909 -0.021064 0.998941 -0.008900 0.000000 0.000000 0.000000 1.000000
0.999709 -0.002706 -0.023965 0.000000 0.002672 0.999995 -0.001452 0.279600 0.023969 0.001387 0.999712 -0.008900 0.000000 0.000000 0.000000 1.000000
0.999989 0.000678 -0.004604 -0.000000 -0.000754 0.999863 -0.016516 0.279600 0.004592 0.016519 0.999853 -0.008900 0.000000 0.000000 0.000000 1.000000
0.999961 0.002881 0.008330 0.000000 -0.002778 0.999919 -0.012441 0.279600 -0.008365 0.012417 0.999888 -0.008900 0.000000 0.000000 0.000000 1.000000
0.999935 -0.003320 0.010927 0.000000 0.003323 0.999994 -0.000237 0.279600 -0.010926 0.000274 0.999940 -0.008900 0.000000 0.000000 0.000000 1.000000
0.999801 -0.016716 0.010865 0.000000 0.016657 0.999846 0.005461 0.279600 -0.010954 -0.005279 0.999926 -0.008900 0.000000 0.000000 0.000000 1.000000
0.999612 -0.023142 0.015531 0.000000 0.023045 0.999714 0.006385 0.279600 -0.015674 -0.006024 0.999859 -0.008900 0.000000 0.000000 0.000000 1.000000
0.999477 -0.020379 0.025118 0.000000 0.020131 0.999747 0.010076 0.279600 -0.025317 -0.009565 0.999634 -0.008900 0.000000 0.000000 0.000000 1.000000
0.999025 -0.030489 0.031930 -0.000000 0.030130 0.999478 0.011664 0.279600 -0.032269 -0.010691 0.999422 -0.008900 0.000000 0.000000 0.000000 1.000000
0.999072 -0.030839 0.030054 0.000000 0.030708 0.999517 0.004802 0.279600 -0.030187 -0.003875 0.999537 -0.008900 0.000000 0.000000 0.000000 1.000000
0.999545 -0.017929 0.024262 0.000000 0.017844 0.999834 0.003692 0.279600 -0.024324 -0.003258 0.999699 -0.008900 0.000000 0.000000 0.000000 1.000000
0.999920 -0.003879 0.012032 -0.000000 0.003779 0.999958 0.008321 0.279600 -0.012064 -0.008275 0.999893 -0.008900 0.000000 0.000000 0.000000 1.000000
0.999949 0.005155 -0.008693 -0.000000 -0.005089 0.999959 0.007553 0.279600 0.008731 -0.007509 0.999934 -0.008900 0.000000 0.000000 0.000000 1.000000
0.999782 0.003589 -0.020583 0.000000 -0.003435 0.999966 0.007544 0.279600 0.020610 -0.007471 0.999760 -0.008900 0.000000 0.000000 0.000000 1.000000
0.999894 0.003653 -0.014067 0.000000 -0.003470 0.999909 0.013010 0.279600 0.014114 -0.012960 0.999816 -0.008900 0.000000 0.000000 0.000000 1.000000
0.999986 0.004917 -0.002013 0.000000 -0.004877 0.999801 0.019332 0.279600 0.002108 -0.019322 0.999811 -0.008900 0.000000 0.000000 0.000000 1.000000
0.999959 -0.006623 0.006237 -0.000000 0.006498 0.999780 0.019924 0.279600 -0.006368 -0.019883 0.999782 -0.008900 0.000000 0.000000 0.000000 1.000000
0.999672 -0.021448 0.013963 -0.000000 0.021256 0.999679 0.013784 0.279600 -0.014254 -0.013483 0.999808 -0.008900 0.000000 0.000000 0.000000 1.000000
0.999318 -0.027816 0.024272 0.000000 0.027733 0.999608 0.003766 0.279600 -0.024367 -0.003091 0.999698 -0.008900 0.000000 0.000000 0.000000 1.000000
0.998724 -0.036729 0.034659 0.000000 0.036878 0.999313 -0.003655 0.279600 -0.034501 0.004928 0.999393 -0.008900 0.000000 0.000000 0.000000 1.000000
0.997919 -0.050874 0.039610 0.000000 0.050989 0.998697 -0.001909 0.279600 -0.039462 0.003925 0.999213 -0.008900 0.000000 0.000000 0.000000 1.000000
0.997116 -0.063253 0.041937 0.000000 0.062964 0.997982 0.008182 0.279600 -0.042370 -0.005518 0.999087 -0.008900 0.000000 0.000000 0.000000 1.000000
0.996471 -0.068418 0.048624 -0.000000 0.067558 0.997532 0.019108 0.279600 -0.049811 -0.015756 0.998634 -0.008900 0.000000 0.000000 0.000000 1.000000
0.996022 -0.065102 0.060847 0.000000 0.063682 0.997657 0.024991 0.279600 -0.062332 -0.021017 0.997834 -0.008900 0.000000 0.000000 0.000000 1.000000
0.995581 -0.058886 0.073148 0.000000 0.057400 0.998103 0.022250 0.279600 -0.074319 -0.017953 0.997073 -0.008900 0.000000 0.000000 0.000000 1.000000
0.995465 -0.052787 0.079133 0.000000 0.051817 0.998555 0.014268 0.279600 -0.079771 -0.010103 0.996762 -0.008900 0.000000 0.000000 0.000000 1.000000
0.995613 -0.052777 0.077256 -0.000000 0.052179 0.998590 0.009732 0.279600 -0.077661 -0.005658 0.996964 -0.008900 0.000000 0.000000 0.000000 1.000000
0.995724 -0.060185 0.070078 0.000000 0.059726 0.998178 0.008632 0.279600 -0.070470 -0.004410 0.997504 -0.008900 0.000000 0.000000 0.000000 1.000000
0.995275 -0.067886 0.069416 0.000000 0.067041 0.997646 0.014427 0.279600 -0.070232 -0.009705 0.997483 -0.008900 0.000000 0.000000 0.000000 1.000000
0.994712 -0.070233 0.074937 0.000000 0.068547 0.997338 0.024847 0.279600 -0.076483 -0.019579 0.996879 -0.008900 0.000000 0.000000 0.000000 1.000000
0.994999 -0.065142 0.075714 0.000000 0.062811 0.997487 0.032771 0.279600 -0.077658 -0.027852 0.996591 -0.008900 0.000000 0.000000 0.000000 1.000000
0.995090 -0.072192 0.067703 0.000000 0.069850 0.996895 0.036349 0.279600 -0.070116 -0.031441 0.997043 -0.008900 0.000000 0.000000 0.000000 1.000000
0.996059 -0.069592 0.054981 -0.000000 0.068035 0.997240 0.029713 0.279600 -0.056897 -0.025855 0.998045 -0.008900 0.000000 0.000000 0.000000 1.000000
0.998235 -0.046032 0.037514 0.000000 0.045455 0.998837 0.016075 0.279600 -0.038210 -0.014341 0.999167 -0.008900 0.000000 0.000000 0.000000 1.000000
0.999418 -0.028247 0.019103 -0.000000 0.028128 0.999584 0.006449 0.279600 -0.019277 -0.005908 0.999797 -0.008900 0.000000 0.000000 0.000000 1.000000
0.999939 -0.009254 0.006100 0.000000 0.009240 0.999955 0.002314 0.279600 -0.006121 -0.002257 0.999979 -0.008900 0.000000 0.000000 0.000000 1.000000
0.999815 0.019174 -0.001164 -0.000000 -0.019170 0.999811 0.003182 0.279600 0.001225 -0.003160 0.999994 -0.008900 0.000000 0.000000 0.000000 1.000000
0.998913 0.045503 -0.010083 -0.000000 -0.045426 0.998938 0.007761 0.279600 0.010426 -0.007295 0.999919 -0.008900 0.000000 0.000000 0.000000 1.000000
0.998514 0.051183 -0.018721 -0.000000 -0.051005 0.998650 0.009883 0.279600 0.019201 -0.008913 0.999776 -0.008900 0.000000 0.000000 0.000000 1.000000
0.998879 0.041775 -0.022278 0.000000 -0.041741 0.999126 0.001974 0.279600 0.022341 -0.001042 0.999750 -0.008900 0.000000 0.000000 0.000000 1.000000
0.999380 0.028382 -0.020836 0.000000 -0.028551 0.999562 -0.007845 0.279600 0.020604 0.008435 0.999752 -0.008900 0.000000 0.000000 0.000000 1.000000
0.999852 0.015897 -0.006525 0.000000 -0.015932 0.999859 -0.005300 0.279600 0.006440 0.005404 0.999965 -0.008900 0.000000 0.000000 0.000000 1.000000
0.999707 0.014246 0.019560 -0.000000 -0.014233 0.999898 -0.000836 0.279600 -0.019570 0.000557 0.999808 -0.008900 0.000000 0.000000 0.000000 1.000000
0.999336 0.010826 0.034793 0.000000 -0.010834 0.999941 0.000048 0.279600 -0.034790 -0.000425 0.999395 -0.008900 0.000000 0.000000 0.000000 1.000000
0.999420 -0.003001 0.033909 0.000000 0.002844 0.999985 0.004692 0.279600 -0.033923 -0.004593 0.999414 -0.008900 0.000000 0.000000 0.000000 1.000000
0.999433 -0.009247 0.032370 -0.000000 0.008758 0.999846 0.015234 0.279600 -0.032506 -0.014941 0.999360 -0.008900 0.000000 0.000000 0.000000 1.000000
0.999557 -0.012039 0.027213 0.000000 0.011382 0.999643 0.024187 0.279600 -0.027495 -0.023866 0.999337 -0.008900 0.000000 0.000000 0.000000 1.000000
0.999329 -0.032970 0.015929 -0.000000 0.032590 0.999192 0.023518 0.279600 -0.016692 -0.022983 0.999596 -0.008900 0.000000 0.000000 0.000000 1.000000
0.999591 -0.028604 0.000703 0.000000 0.028592 0.999497 0.013731 0.279600 -0.001096 -0.013705 0.999905 -0.008900 0.000000 0.000000 0.000000 1.000000
0.999774 -0.013128 -0.016701 0.000000 0.013222 0.999897 0.005529 0.279600 0.016627 -0.005748 0.999845 -0.008900 0.000000 0.000000 0.000000 1.000000
0.999507 0.005746 -0.030867 0.000000 -0.005646 0.999979 0.003320 0.279600 0.030886 -0.003144 0.999518 -0.008900 0.000000 0.000000 0.000000 1.000000
0.998932 0.026864 -0.037589 0.000000 -0.026629 0.999623 0.006728 0.279600 0.037755 -0.005720 0.999271 -0.008900 0.000000 0.000000 0.000000 1.000000
0.998247 0.042375 -0.041329 -0.000000 -0.041851 0.999033 0.013476 0.279600 0.041860 -0.011722 0.999055 -0.008900 0.000000 0.000000 0.000000 1.000000
0.997492 0.053868 -0.045903 -0.000000 -0.052961 0.998381 0.020765 0.279600 0.046947 -0.018281 0.998730 -0.008900 0.000000 0.000000 0.000000 1.000000
0.998296 0.035836 -0.046062 -0.000000 -0.035018 0.999216 0.018456 0.279600 0.046687 -0.016812 0.998768 -0.008900 0.000000 0.000000 0.000000 1.000000
0.998887 0.005622 -0.046825 0.000000 -0.005446 0.999978 0.003883 0.279600 0.046846 -0.003624 0.998896 -0.008900 0.000000 0.000000 0.000000 1.000000
0.998877 -0.011060 -0.046059 0.000000 0.010881 0.999932 -0.004135 0.279600 0.046101 0.003630 0.998930 -0.008900 0.000000 0.000000 0.000000 1.000000
0.999473 -0.008850 -0.031224 0.000000 0.008827 0.999961 -0.000890 0.279600 0.031231 0.000614 0.999512 -0.008900 0.000000 0.000000 0.000000 1.000000</float_array>
        <technique_common>
          <accessor source="#mixamorig_Spine-Matrix-animation-output-transform-array" count="62" stride="16">
            <param type="float4x4"/>
          </accessor>
        </technique_common>
      </source>
      <source id="mixamorig_Spine-Interpolations">
        <Name_array id="mixamorig_Spine-Interpolations-array" count="62">
 LINEAR LINEAR LINEAR LINEAR LINEAR LINEAR LINEAR LINEAR LINEAR LINEAR LINEAR
LINEAR LINEAR LINEAR LINEAR LINEAR LINEAR LINEAR LINEAR LINEAR LINEAR LINEAR LINEAR
LINEAR LINEAR LINEAR LINEAR LINEAR LINEAR LINEAR LINEAR LINEAR LINEAR LINEAR LINEAR
LINEAR LINEAR LINEAR LINEAR LINEAR LINEAR LINEAR LINEAR LINEAR LINEAR LINEAR LINEAR
LINEAR LINEAR LINEAR LINEAR LINEAR LINEAR LINEAR LINEAR LINEAR LINEAR LINEAR LINEAR
LINEAR LINEAR LINEAR</Name_array>
        <technique_common>
          <accessor source="#mixamorig_Spine-Interpolations-array" count="62">
            <param type="name"/>
          </accessor>
        </technique_common>
      </source>
      <sampler id="mixamorig_Spine-Matrix-animation-transform">
        <input semantic="INPUT" source="#mixamorig_Spine-Matrix-animation-input"/>
        <input semantic="OUTPUT" source="#mixamorig_Spine-Matrix-animation-output-transform"/>
        <input semantic="INTERPOLATION" source="#mixamorig_Spine-Interpolations"/>
      </sampler>
      <channel source="#mixamorig_Spine-Matrix-animation-transform" target="mixamorig_Spine/matrix"/>
    </animation>
    <animation id="mixamorig_Spine1-anim" name="mixamorig_Spine1">
      <source id="mixamorig_Spine1-Matrix-animation-input">
        <float_array id="mixamorig_Spine1-Matrix-animation-input-array" count="62">

0.000000 0.033333 0.066667 0.100000 0.133333 0.166667 0.200000 0.233333 0.266667 0.300000 0.333333 0.366667 0.400000 0.433333 0.466667 0.500000
0.533333 0.566667 0.600000 0.633333 0.666667 0.700000 0.733333 0.766667 0.800000 0.833333 0.866667 0.900000 0.933333 0.966667 1.000000 1.033333
1.066667 1.100000 1.133333 1.166667 1.200000 1.233333 1.266667 1.300000 1.333333 1.366667 1.400000 1.433333 1.466667 1.500000 1.533333 1.566667
1.600000 1.633333 1.666667 1.700000 1.733333 1.766667 1.800000 1.833333 1.866667 1.900000 1.933333 1.966667 2.000000 2.033333</float_array>
        <technique_common>
          <accessor source="#mixamorig_Spine1-Matrix-animation-input-array" count="62">
            <param name="TIME" type="float"/>
          </accessor>
        </technique_common>
      </source>
      <source id="mixamorig_Spine1-Matrix-animation-output-transform">
        <float_array id="mixamorig_Spine1-Matrix-animation-output-transform-array" count="992">

0.999949 0.000896 -0.010010 0.000000 -0.001271 0.999297 -0.037474 0.326300 0.009969 0.037485 0.999247 -0.000000 0.000000 0.000000 0.000000 1.000000
0.999911 0.003571 -0.012868 -0.000000 -0.004051 0.999289 -0.037473 0.326300 0.012725 0.037522 0.999215 -0.000000 0.000000 0.000000 0.000000 1.000000
0.999869 0.009917 -0.012796 -0.000000 -0.010221 0.999662 -0.023893 0.326300 0.012555 0.024021 0.999633 0.000000 0.000000 0.000000 0.000000 1.000000
0.999834 0.016512 -0.007749 0.000000 -0.016594 0.999806 -0.010568 0.326300 0.007573 0.010695 0.999914 0.000000 0.000000 0.000000 0.000000 1.000000
0.999957 0.008541 -0.003638 -0.000000 -0.008602 0.999815 -0.017196 0.326300 0.003491 0.017226 0.999846 0.000000 0.000000 0.000000 0.000000 1.000000
0.999993 0.000153 0.003789 0.000000 -0.000014 0.999320 -0.036865 0.326300 -0.003792 0.036865 0.999313 0.000000 0.000000 0.000000 0.000000 1.000000
0.999878 0.001551 0.015540 0.000000 -0.000757 0.998700 -0.050976 0.326300 -0.015599 0.050958 0.998579 0.000000 0.000000 0.000000 0.000000 1.000000
0.999689 0.007886 0.023674 0.000000 -0.006739 0.998817 -0.048168 0.326300 -0.024026 0.047993 0.998559 0.000000 0.000000 0.000000 0.000000 1.000000
0.999638 0.009141 0.025299 0.000000 -0.008195 0.999273 -0.037246 0.326300 -0.025621 0.037026 0.998986 -0.000000 0.000000 0.000000 0.000000 1.000000
0.999671 0.005339 0.025098 0.000000 -0.004545 0.999491 -0.031568 0.326300 -0.025254 0.031443 0.999186 0.000000 0.000000 0.000000 0.000000 1.000000
0.999611 0.003908 0.027600 0.000000 -0.003089 0.999555 -0.029666 0.326300 -0.027704 0.029569 0.999179 0.000000 0.000000 0.000000 0.000000 1.000000
0.999435 0.005267 0.033185 -0.000000 -0.004428 0.999670 -0.025320 0.326300 -0.033307 0.025158 0.999128 0.000000 0.000000 0.000000 0.000000 1.000000
0.999318 0.004752 0.036615 0.000000 -0.003881 0.999709 -0.023821 0.326300 -0.036717 0.023662 0.999046 0.000000 0.000000 0.000000 0.000000 1.000000
0.999371 0.005396 0.035051 -0.000000 -0.004314 0.999514 -0.030861 0.326300 -0.035200 0.030690 0.998909 0.000000 0.000000 0.000000 0.000000 1.000000
0.999489 0.006617 0.031287 0.000000 -0.005558 0.999413 -0.033808 0.326300 -0.031493 0.033617 0.998938 0.000000 0.000000 0.000000 0.000000 1.000000
0.999751 0.007532 0.021009 -0.000000 -0.006877 0.999493 -0.031101 0.326300 -0.021233 0.030948 0.999295 0.000000 0.000000 0.000000 0.000000 1.000000
0.999929 0.010206 0.006083 0.000000 -0.010007 0.999442 -0.031852 0.326300 -0.006405 0.031789 0.999474 0.000000 0.000000 0.000000 0.000000 1.000000
0.999948 0.010163 -0.000410 -0.000000 -0.010170 0.999443 -0.031800 0.326300 0.000086 0.031802 0.999494 0.000000 0.000000 0.000000 0.000000 1.000000
0.999938 0.008054 0.007645 0.000000 -0.007839 0.999583 -0.027781 0.326300 -0.007866 0.027719 0.999585 0.000000 0.000000 0.000000 0.000000 1.000000
0.999803 0.006802 0.018624 0.000000 -0.006392 0.999738 -0.021973 0.326300 -0.018769 0.021849 0.999585 -0.000000 0.000000 0.000000 0.000000 1.000000
0.999715 0.002624 0.023714 0.000000 -0.002152 0.999800 -0.019886 0.326300 -0.023761 0.019830 0.999521 -0.000000 0.000000 0.000000 0.000000 1.000000
0.999644 -0.001544 0.026628 0.000000 0.002181 0.999712 -0.023900 0.326300 -0.026583 0.023950 0.999360 0.000000 0.000000 0.000000 0.000000 1.000000
0.999479 -0.002595 0.032163 0.000000 0.003641 0.999465 -0.032508 0.326300 -0.032062 0.032608 0.998954 -0.000000 0.000000 0.000000 0.000000 1.000000
0.999251 -0.002644 0.038606 0.000000 0.004187 0.999193 -0.039955 0.326300 -0.038469 0.040087 0.998455 0.000000 0.000000 0.000000 0.000000 1.000000
0.999121 -0.004109 0.041714 0.000000 0.005750 0.999211 -0.039290 0.326300 -0.041519 0.039495 0.998357 0.000000 0.000000 0.000000 0.000000 1.000000
0.999092 -0.008565 0.041744 0.000000 0.009830 0.999496 -0.030196 0.326300 -0.041465 0.030579 0.998672 0.000000 0.000000 0.000000 0.000000 1.000000
0.999011 -0.012963 0.042533 0.000000 0.013798 0.999716 -0.019412 0.326300 -0.042269 0.019980 0.998906 0.000000 0.000000 0.000000 0.000000 1.000000
0.998761 -0.013162 0.047984 0.000000 0.013788 0.999824 -0.012730 0.326300 -0.047808 0.013376 0.998767 0.000000 0.000000 0.000000 0.000000 1.000000
0.998280 -0.010701 0.057647 0.000000 0.011565 0.999825 -0.014680 0.326300 -0.057480 0.015321 0.998229 0.000000 0.000000 0.000000 0.000000 1.000000
0.997739 -0.010898 0.066316 -0.000000 0.012445 0.999659 -0.022966 0.326300 -0.066043 0.023740 0.997534 0.000000 0.000000 0.000000 0.000000 1.000000
0.997648 -0.016370 0.066562 0.000000 0.018278 0.999436 -0.028164 0.326300 -0.066064 0.029314 0.997385 0.000000 0.000000 0.000000 0.000000 1.000000
0.997942 -0.020202 0.060865 -0.000000 0.022006 0.999334 -0.029115 0.326300 -0.060236 0.030394 0.997721 0.000000 0.000000 0.000000 0.000000 1.000000
0.998081 -0.018143 0.059205 0.000000 0.019577 0.999527 -0.023727 0.326300 -0.058747 0.024840 0.997964 0.000000 0.000000 0.000000 0.000000 1.000000
0.998063 -0.015064 0.060354 0.000000 0.015984 0.999763 -0.014790 0.326300 -0.060117 0.015726 0.998067 0.000000 0.000000 0.000000 0.000000 1.000000
0.998156 -0.013593 0.059158 0.000000 0.014075 0.999871 -0.007748 0.326300 -0.059045 0.008567 0.998219 0.000000 0.000000 0.000000 0.000000 1.000000
0.998454 -0.013061 0.054022 -0.000000 0.013311 0.999902 -0.004274 0.326300 -0.053961 0.004986 0.998531 -0.000000 0.000000 0.000000 0.000000 1.000000
0.998873 -0.008437 0.046711 0.000000 0.008891 0.999915 -0.009518 0.326300 -0.046626 0.009922 0.998863 0.000000 0.000000 0.000000 0.000000 1.000000
0.999343 -0.002391 0.036174 0.000000 0.003148 0.999776 -0.020906 0.326300 -0.036116 0.021006 0.999127 0.000000 0.000000 0.000000 0.000000 1.000000
0.999700 -0.001848 0.024423 0.000000 0.002566 0.999565 -0.029367 0.326300 -0.024358 0.029421 0.999270 -0.000000 0.000000 0.000000 0.000000 1.000000
0.999838 -0.001860 0.017888 -0.000000 0.002450 0.999452 -0.033020 0.326300 -0.017816 0.033058 0.999295 -0.000000 0.000000 0.000000 0.000000 1.000000
0.999861 0.002029 0.016556 0.000000 -0.001497 0.999484 -0.032089 0.326300 -0.016612 0.032059 0.999348 0.000000 0.000000 0.000000 0.000000 1.000000
0.999875 0.007548 0.013887 0.000000 -0.007160 0.999588 -0.027793 0.326300 -0.014091 0.027690 0.999517 0.000000 0.000000 0.000000 0.000000 1.000000
0.999895 0.010599 0.009901 0.000000 -0.010340 0.999613 -0.025823 0.326300 -0.010171 0.025718 0.999618 0.000000 0.000000 0.000000 0.000000 1.000000
0.999928 0.010383 0.005995 0.000000 -0.010180 0.999403 -0.033030 0.326300 -0.006334 0.032967 0.999436 -0.000000 0.000000 0.000000 0.000000 1.000000
0.999987 0.003661 0.003663 0.000000 -0.003504 0.999115 -0.041914 0.326300 -0.003814 0.041900 0.999115 0.000000 0.000000 0.000000 0.000000 1.000000
0.999913 -0.004327 0.012454 0.000000 0.004817 0.999205 -0.039573 0.326300 -0.012273 0.039629 0.999139 0.000000 0.000000 0.000000 0.000000 1.000000
0.999513 -0.003069 0.031042 0.000000 0.004166 0.999367 -0.035343 0.326300 -0.030914 0.035455 0.998893 0.000000 0.000000 0.000000 0.000000 1.000000
0.999129 -0.001646 0.041685 0.000000 0.003079 0.999406 -0.034325 0.326300 -0.041604 0.034424 0.998541 0.000000 0.000000 0.000000 0.000000 1.000000
0.999166 -0.002931 0.040718 -0.000000 0.004188 0.999516 -0.030837 0.326300 -0.040608 0.030982 0.998695 0.000000 0.000000 0.000000 0.000000 1.000000
0.999272 0.001859 0.038103 0.000000 -0.001004 0.999747 -0.022468 0.326300 -0.038135 0.022413 0.999021 0.000000 0.000000 0.000000 0.000000 1.000000
0.999447 0.006209 0.032670 0.000000 -0.005750 0.999884 -0.014105 0.326300 -0.032753 0.013910 0.999367 0.000000 0.000000 0.000000 0.000000 1.000000
0.999714 0.002028 0.023817 0.000000 -0.001706 0.999907 -0.013532 0.326300 -0.023842 0.013488 0.999625 0.000000 0.000000 0.000000 0.000000 1.000000
0.999888 0.000789 0.014933 0.000000 -0.000466 0.999766 -0.021612 0.326300 -0.014946 0.021602 0.999655 0.000000 0.000000 0.000000 0.000000 1.000000
0.999983 0.003740 0.004557 0.000000 -0.003603 0.999551 -0.029750 0.326300 -0.004667 0.029734 0.999547 -0.000000 0.000000 0.000000 0.000000 1.000000
0.999975 0.006004 -0.003750 0.000000 -0.006124 0.999444 -0.032771 0.326300 0.003551 0.032793 0.999456 0.000000 0.000000 0.000000 0.000000 1.000000
0.999951 0.007392 -0.006608 0.000000 -0.007590 0.999507 -0.030471 0.326300 0.006380 0.030519 0.999514 0.000000 0.000000 0.000000 0.000000 1.000000
0.999927 0.009741 -0.007184 0.000000 -0.009913 0.999656 -0.024285 0.326300 0.006945 0.024354 0.999679 0.000000 0.000000 0.000000 0.000000 1.000000
0.999871 0.014518 -0.006895 -0.000000 -0.014633 0.999749 -0.016959 0.326300 0.006647 0.017057 0.999832 -0.000000 0.000000 0.000000 0.000000 1.000000
0.999849 0.016018 -0.006794 0.000000 -0.016140 0.999702 -0.018316 0.326300 0.006498 0.018423 0.999809 0.000000 0.000000 0.000000 0.000000 1.000000
0.999877 0.010984 -0.011220 -0.000000 -0.011335 0.999433 -0.031699 0.326300 0.010866 0.031822 0.999434 0.000000 0.000000 0.000000 0.000000 1.000000
0.999861 0.002909 -0.016409 -0.000000 -0.003558 0.999207 -0.039645 0.326300 0.016281 0.039698 0.999079 0.000000 0.000000 0.000000 0.000000 1.000000
0.999950 0.000896 -0.010010 -0.000000 -0.001271 0.999297 -0.037474 0.326300 0.009969 0.037485 0.999247 0.000000 0.000000 0.000000 0.000000 1.000000</float_array>
        <technique_common>
          <accessor source="#mixamorig_Spine1-Matrix-animation-output-transform-array" count="62" stride="16">
            <param type="float4x4"/>
          </accessor>
        </technique_common>
      </source>
      <source id="mixamorig_Spine1-Interpolations">
        <Name_array id="mixamorig_Spine1-Interpolations-array" count="62">
 LINEAR LINEAR LINEAR LINEAR LINEAR LINEAR LINEAR LINEAR LINEAR LINEAR LINEAR
LINEAR LINEAR LINEAR LINEAR LINEAR LINEAR LINEAR LINEAR LINEAR LINEAR LINEAR LINEAR
LINEAR LINEAR LINEAR LINEAR LINEAR LINEAR LINEAR LINEAR LINEAR LINEAR LINEAR LINEAR
LINEAR LINEAR LINEAR LINEAR LINEAR LINEAR LINEAR LINEAR LINEAR LINEAR LINEAR LINEAR
LINEAR LINEAR LINEAR LINEAR LINEAR LINEAR LINEAR LINEAR LINEAR LINEAR LINEAR LINEAR
LINEAR LINEAR LINEAR</Name_array>
        <technique_common>
          <accessor source="#mixamorig_Spine1-Interpolations-array" count="62">
            <param type="name"/>
          </accessor>
        </technique_common>
      </source>
      <sampler id="mixamorig_Spine1-Matrix-animation-transform">
        <input semantic="INPUT" source="#mixamorig_Spine1-Matrix-animation-input"/>
        <input semantic="OUTPUT" source="#mixamorig_Spine1-Matrix-animation-output-transform"/>
        <input semantic="INTERPOLATION" source="#mixamorig_Spine1-Interpolations"/>
      </sampler>
      <channel source="#mixamorig_Spine1-Matrix-animation-transform" target="mixamorig_Spine1/matrix"/>
    </animation>
    <animation id="mixamorig_Spine2-anim" name="mixamorig_Spine2">
      <source id="mixamorig_Spine2-Matrix-animation-input">
        <float_array id="mixamorig_Spine2-Matrix-animation-input-array" count="62">

0.000000 0.033333 0.066667 0.100000 0.133333 0.166667 0.200000 0.233333 0.266667 0.300000 0.333333 0.366667 0.400000 0.433333 0.466667 0.500000
0.533333 0.566667 0.600000 0.633333 0.666667 0.700000 0.733333 0.766667 0.800000 0.833333 0.866667 0.900000 0.933333 0.966667 1.000000 1.033333
1.066667 1.100000 1.133333 1.166667 1.200000 1.233333 1.266667 1.300000 1.333333 1.366667 1.400000 1.433333 1.466667 1.500000 1.533333 1.566667
1.600000 1.633333 1.666667 1.700000 1.733333 1.766667 1.800000 1.833333 1.866667 1.900000 1.933333 1.966667 2.000000 2.033333</float_array>
        <technique_common>
          <accessor source="#mixamorig_Spine2-Matrix-animation-input-array" count="62">
            <param name="TIME" type="float"/>
          </accessor>
        </technique_common>
      </source>
      <source id="mixamorig_Spine2-Matrix-animation-output-transform">
        <float_array id="mixamorig_Spine2-Matrix-animation-output-transform-array" count="992">

0.999938 0.002902 -0.010743 0.000000 -0.003301 0.999299 -0.037282 0.373000 0.010627 0.037315 0.999247 0.000000 0.000000 0.000000 0.000000 1.000000
0.999888 0.005794 -0.013788 -0.000000 -0.006302 0.999294 -0.037043 0.373000 0.013563 0.037126 0.999219 0.000000 0.000000 0.000000 0.000000 1.000000
0.999836 0.011965 -0.013585 0.000000 -0.012278 0.999656 -0.023182 0.373000 0.013303 0.023345 0.999639 0.000000 0.000000 0.000000 0.000000 1.000000
0.999802 0.018065 -0.008376 -0.000000 -0.018146 0.999789 -0.009671 0.373000 0.008199 0.009821 0.999918 0.000000 0.000000 0.000000 0.000000 1.000000
0.999940 0.010109 -0.004184 -0.000000 -0.010177 0.999809 -0.016697 0.373000 0.004014 0.016739 0.999852 0.000000 0.000000 0.000000 0.000000 1.000000
0.999993 0.002185 0.003081 0.000000 -0.002071 0.999322 -0.036767 0.373000 -0.003160 0.036761 0.999319 -0.000000 0.000000 0.000000 0.000000 1.000000
0.999885 0.003721 0.014723 0.000000 -0.002966 0.998695 -0.050991 0.373000 -0.014893 0.050941 0.998591 -0.000000 0.000000 0.000000 0.000000 1.000000
0.999685 0.009600 0.023171 0.000000 -0.008477 0.998807 -0.048082 0.373000 -0.023605 0.047871 0.998575 0.000000 0.000000 0.000000 0.000000 1.000000
0.999631 0.010482 0.025059 0.000000 -0.009548 0.999266 -0.037097 0.373000 -0.025429 0.036844 0.998997 0.000000 0.000000 0.000000 0.000000 1.000000
0.999666 0.006589 0.024978 0.000000 -0.005802 0.999489 -0.031446 0.373000 -0.025173 0.031290 0.999193 0.000000 0.000000 0.000000 0.000000 1.000000
0.999607 0.005143 0.027550 0.000000 -0.004328 0.999554 -0.029541 0.373000 -0.027690 0.029410 0.999184 0.000000 0.000000 0.000000 0.000000 1.000000
0.999430 0.006450 0.033129 0.000000 -0.005618 0.999668 -0.025145 0.373000 -0.033281 0.024945 0.999135 -0.000000 0.000000 0.000000 0.000000 1.000000
0.999307 0.005866 0.036766 -0.000000 -0.005003 0.999711 -0.023527 0.373000 -0.036893 0.023327 0.999047 0.000000 0.000000 0.000000 0.000000 1.000000
0.999350 0.006342 0.035490 0.000000 -0.005261 0.999521 -0.030487 0.373000 -0.035667 0.030281 0.998905 0.000000 0.000000 0.000000 0.000000 1.000000
0.999472 0.007372 0.031633 0.000000 -0.006310 0.999418 -0.033537 0.373000 -0.031862 0.033320 0.998937 0.000000 0.000000 0.000000 0.000000 1.000000
0.999742 0.008309 0.021124 -0.000000 -0.007653 0.999493 -0.030915 0.373000 -0.021371 0.030746 0.999299 -0.000000 0.000000 0.000000 0.000000 1.000000
0.999915 0.011458 0.006144 0.000000 -0.011259 0.999439 -0.031541 0.373000 -0.006502 0.031469 0.999484 0.000000 0.000000 0.000000 0.000000 1.000000
0.999930 0.011806 -0.000221 -0.000000 -0.011808 0.999436 -0.031441 0.373000 -0.000150 0.031442 0.999506 0.000000 0.000000 0.000000 0.000000 1.000000
0.999922 0.009563 0.008011 -0.000000 -0.009339 0.999577 -0.027542 0.373000 -0.008271 0.027465 0.999589 0.000000 0.000000 0.000000 0.000000 1.000000
